
696
3
203
632
610
476
608
510
704
30
388
725
381
206
712
59
575
705
682
401
411
451
372
480
119
408
482
12
641
698
319
483
724
121
658
563
5
301
676
631
392
684
382
219
414
555
321
41
711
713
703
371
309
398
582
718
231
709
742
681
63
700
666
593
683
481
376
447
532
345
1
326
334
234
722
523
665
694
369
625
490
438
19
302
443
729
727
739
504
679
634
741
46
636
27
492
714
686
374
435
745
246
429
459
536
553
315
708
427
197
245
317
499
731
13
569
678
66
21
364
540
726
306
692
628
397
195
289
355
505
330
468
717
433
406
500
551
423
670
671
470
651
293
730
545
404
513
344
542
517
734
495
379
318
735
2
740
736
189
373
654
342
541
141
211
674
185
626
720
347
691
313
568
407
723
276
689
184
710
42
403
559
521
65
479
237
440
390
437
389
312
611
564
539
428
383
100
20
702
507
655
47
502
552
362
695
667
44
590
669
15
177
452
501
432
460
615
257
690
182
571
693
733
79
267
340
484
172
84
485
337
630
707
329
629
719
264
446
576
685
516
338
179
538
462
699
28
431
680
8
477
558
478
367
537
503
721
